9648714
9930806
9937127
9262211
9251274
9727194
9928645
9928023
9723679
9862346
9321732
9397327
9948695
9636723
9762273
1045112
9750256
9074640
9388821
9333618
9431214
9360855
9750232
9621077
9325685
9250713
9953509
9388833
9965435
9972373
1023425
9210828
9325697
9980540
9917567
9904209
9317200
9888481
9873852
5233573
9981427
9690145
9864667
9962421
9986635
9397303
9377547
9862918
9969388
9834296
9945435
9904704
9397315
9443413
9418365
9337755
9360843
9994046
9086734
9397339
9974606
9373008
9957737
9360790
9431123
9360831
9337963
9397353
9338266
9360817
9397341
9337951
9337975
9965423
9200316
9211872
9748899
9307190
9213416
9626273
9976927
9801524
9337717
9360867
9337705
9795062
9554729
9207039
9923437
9360893
9360881
9477593
9970569
9886732
9943504
1013494
9943475
9994008
9994034
9967342
9967328
9372963
9074638
9759252
9253703
9383900
9413327
9401295
9613135
9414632
9918016
9918004
9200926
9200859
9337729
9692014
9771913
9877145
9761841
9761827
9796793
9774628
1018676
9810549
9768368
9200835
9768382
9750701
9750737
9768370
9750672
9750725
9750749
9750713
9360908
9434266
9831220
9854765
9018555
9613161
9958640
1018688
9926908
9917579
9947627
9926922
9947500
9785158
9902914
9672832
9672820
9902902
9672844
9946350
9918157
9918145
9694751
9946374
9972218
9862308
9851646
9825427
9681687
9705641
9770945
9851634
9946398
9980552
9852975
9917543
9770933
9771080
9705653
9721401
9701229
9732369
9701217
9732371
9540089
9948700
9884473
9284192
9970662
9970650
9753014
9767950
9767962
9753026
9941013
9854363
9859741
9844863
9859753
9810367
9336737
9881201
9854624
9859739
9810379
9766554
9964182
9766578
9766566
9766530
9975521
9976109
9976111
9766580
9986116
9986087
9976939
9986063
9976915
9986075
9766542
9873840
9269180
9779238
9960590
9968932
9779226
9896933
9896921
9962433
9961477
9956953
9947639
9961506
9961491
9857365
9957725
9862475
9949027
9943853
9861031
9862463
9857377
9879698
9943841
9845776
9869306
9872949
9963449
9962419
9947598
9937969
9937957
9947615
9629536
9862906
9884021
9600528
9659725
9958298
9654880
9742807
9761815
9630028
9981374
9872987
9956408
9961398
9963827
9880477
9883742
9880465
9874820
9853137
9953248
9953250
9986623
9864746
9953262
9961518
9975337
9975325
9997672
9986609
9816763
9953274
9762962
9976147
9976135
9849887
9895238
9902756
9721724
9855812
9770438
9709489
9682590
9770440
9682605
9709491
9879674
9991939
1023657
9991915
9901350
9864784
9864796
9948736
9945459
9958999
9988700
9945447
9981520
9981532
9981518
9981506
9981415
9981403
9277462
9748904
9992244
9992232
9992220
9981398
9992880
9992878
9970686
9975519
9915894
9958664
9915911
9963815
9915909
9834325
9892121
9331660
9331672
1023865
9979761
1024754
9501186
9649328
9850666
9654701
9758064
9792606
9723801
9627485
9654696
9633161
9331658
9637507
9636747
9903920
9874466
9884174
9874454
9633173
9636711
9941520
9760770
9760768
9627502
9924869
9941518
9658238
9658240
9974151
9974149
9972385
9972361
9972359
9880192
9988023
9953523
9972684
9972672
9953511
9893606
9988035
9982677
9888766
9874492
9874480
9758844
9709037
9752565
9736092
9758832
9750220
9886744
9889904
9889916
9863182
9851787
9875800
9885855
9864916
9977244
9977282
9744013
9977268
9977270
9707510
9687019
9956616
9744025
9687021
9956587
9977311
9896452
9627954
9783124
9627966
9692002
9981386
9482299
9483877
9360922
9690169
9690157
9361639
9475600
9690171
9743875
9640437
9640645
9520376
9645748
9666998
9696149
9431147
9323687
9323675
9315707
9655042
9970674
9325893
9271248
9320374
9315692
9317999
9629598
9629586
9975533
9333632
9714276
9333591
9714288
9333606
9926714
9269960
9311567
9372999
9691137
9311579
9311581
9759240
9969376
9329679
9799305
9266994
1049871
9267003
9141962
9397286
9267015
9490961
9491812
9490959
9680190
9606948
9610779
9606950
9877341
9352860
9791200
9342487
9791212
9958315
9339260
9624938
9600530
9774135
9336749
9122253
9624914
9322803
9638915
9995727
9995739
9341689
9640023
9636797
9636785
9638903
9634098
9785500
9637325
1051642
9878876
9300817
9904699
9904687
9275347
9595539
