9324734
9324746
9326598
9337743
9205574
9743928
6928632
9987615
9961207
1016082
9742314
8125868
9259290
9986099
9765457
9957892
9202015
9177569
9177583
9133109
9343118
9404780
9174361
9157478
9034690
9034705
9388845
9935507
9893541
9532018
9000883
9008108
9874882
9685451
9685425
9685449
9771511
9771523
9633434
9914058
9975715
9888780
9318618
9761164
9739977
9402586
9378163
9133836
9712565
9734850
9274563
9734848
9734836
9155341
9155626
9267950
9958688
9922213
9392236
9147394
9173070
9458157
9792515
8917845
9350599
9523823
9275426
9480370
9142277
9448487
9671216
9744946
9897092
9900849
9897107
9531507
9536363
9704506
9536375
9531519
9802293
9798167
9318620
9332078
8813116
8813099
1086257
9553634
9711523
9711535
9313838
9185580
9810159
9317987
9539810
1029405
9644768
9203239
9617698
9937115
9366940
9761243
9377054
9789154
9349942
9798947
9329710
9378307
9522269
9368778
9403786
9701786
9378266
9168283
9678989
9938573
9045807
9809045
9959840
9990040
9191242
9240158
9371660
9441685
9515981
9520132
9038763
9713624
9733557
9970698
1075296
9268681
9892793
9267962
9349928
9342401
9624005
9664926
1062237
9726815
9506198
9677612
9870513
9958573
9374882
9131101
9560168
9931850
9507752
9743253
1019917
9390953
9197727
9130456
9134359
9128879
9892779
9655444
1019137
9601730
9251121
9961726
9625140
9356892
9208227
9560170
9880764
9185346
9314416
8917807
9519535
9519523
9103398
9859636
9969821
9103403
9050187
9208148
9337793
9936549
1053614
9142966
9658355
9658367
9131539
1019967
9952622
9134971
9952036
9978004
9849631
9596856
9507740
9404625
9350898
9519688
9125994
9578000
9577991
9578012
9837793
9537305
1032751
9867281
9958614
9053816
9601871
9346926
9474539
9140126
9142318
9474541
9020455
9434541
9514298
9514303
9564853
9200469
9919838
9566291
9698288
9710311
9040883
9891854
9685504
9223540
9236901
9172753
9947433
9726827
9584528
9691345
9943229
9364162
9392042
9655937
9569580
9651735
9515814
9413030
9655016
9682227
9256896
9368170
8608987
9009994
9054717
9078660
9063512
9152337
1018509
9977309
9943499
