9246633
9235268
9224752
9224764
7708302
7389510
8765292
9287936
9537745
1029869
1037139
9353797
9353802
9389899
9527295
9519494
9625956
9930791
9590008
9603192
9625968
9457452
1055181
9365752
9365764
9524970
9365776
9602617
9602643
9516935
9516947
9683661
9683685
9384227
9602473
9230907
9384198
9752993
9753002
9770505
9776547
9583732
9521473
9484742
9569695
9290086
9569712
9926740
9831218
9424211
9602916
1044106
1050624
1055387
9897743
9826122
9804289
9237620
9845685
9845697
9845702
9853840
9534004
9290347
9827683
9827695
9827700
9834442
9834454
9834466
9844851
9230880
9679593
9486518
9901348
9689976
9689990
9590888
9402732
9387554
9486520
9418054
9486506
9559406
9332535
9569633
9386964
9411965
9429302
9357183
9424273
9588299
9419474
9237785
9501162
9387542
9816323
9191400
9250622
9448700
9529956
9643271
9605205
9686364
9770696
9321299
9421984
9422146
9916185
9404924
9205081
9827358
9782508
9913951
9851608
9891995
9855484
9839856
9878644
9910117
9828950
9828962
9805099
1042500
9848223
9294329
9169691
9174397
9478676
9799147
9910181
7379993
9339997
9513402
9562673
9162163
9164847
9439058
9224295
9416628
9238868
9416642
9416654
9416630
9233753
9205079
9723590
9727223
9681209
9902615
9828780
9900655
9771755
9900679
9911991
9799185
9312511
9358292
9180891
9799214
9230878
9292498
9912000
9322267
9294290
9240512
1097775
9180255
9292163
9535058
9244867
1090777
9259331
9294563
9788320
9220964
9735373
9346952
9313137
9397145
9362877
9343390
9343405
9941673
1015258
9397779
9419967
9447574
9407316
9012915
9454486
9391775
9788875
9788899
9794812
9789271
9329796
9929651
9854703
9264881
9334210
9244623
9102277
9851830
9933640
9229439
9387578
9623685
9723083
9723095
9828338
9877781
9923487
9302023
9930777
9870824
9855331
9858034
9251597
9526461
9183934
9597252
9877755
9905459
9909807
9915569
9920784
9259343
9762986
9597276
9905447
9727015
9898553
9837597
9837614
9933664
9931343
9885594
9905100
9283801
9845221
9733947
9733959
9733961
9933561
9933602
9829370
9221918
9928011
9845154
9933614
9933585
9771339
9709087
9924510
9783734
9212905
9248473
9284946
9732553
9830795
9728708
9728710
9085364
9779824
9253117
9783693
9196618
9182318
9258519
9326055
9196644
9245794
9337183
9183374
9384590
9398058
9740330
9514561
9294068
9514559
9730086
9522178
9389784
9389760
9030993
9522180
9417189
9534858
9575101
9534846
9486532
9575096
9563237
9515929
9379698
9077800
9910234
9183362
9197856
8907319
9919814
9630951
9244659
9915105
9318149
9452880
9416422
9412335
9411082
9315173
9311622
9419101
9203784
9224271
9590319
9221970
9588158
9228655
9248423
9185528
9404845
9247376
9172038
9259745
9173745
9593012
9248813
9248825
9585883
9288899
9231509
9579030
9318072
9819868
9224453
9293143
9224441
9224439
9886378
9293131
1037933
9281152
9280885
9785225
9326809
9378369
9379210
1070832
1030399
1030404
9745237
9321691
9301524
9330874
9380740
9730361
9843340
9589748
9588469
9594133
9529293
9594767
9588445
9749518
9524449
9594781
9597006
9529499
9449405
9578634
9730414
9907445
9912139
9682978
9412098
9412103
9413834
9402914
1028384
9790971
9411238
9422445
9459046
9440382
1070844
1028528
1035557
9879997
9881691
9868168
9594858
9594834
9999632
9579494
9579509
9742912
9575589
9922823
9922835
9934826
9748679
9938494
9516117
9575577
9579585
9902823
9804459
9579561
9743203
9804461
9761516
9759757
9886770
9236743
9818230
9759771
9818216
9794056
9831828
9832250
9920693
9941855
9920708
9941867
9921075
1043669
9924003
9934319
1042550
9766322
9408073
9889954
9766310
1028762
9427627
1044869
9935636
1043657
9412359
9922108
9408683
9406013
9412347
9466582
9411020
9757711
9410973
9418602
9761358
9761360
9408695
9935648
1050959
9817107
9726621
9817119
9665748
9665736
9907706
9914656
9915947
1068413
9290359
9788710
9769221
9247429
9215036
9271573
9302994
9303247
9302982
9239848
9432050
9633446
9800271
9835848
9493779
9509011
9296377
9249324
9253909
9750050
9750062
9772357
9410208
9924326
9273064
9780770
9780768
9780782
9895264
9296406
9193551
9453872
9396488
9837169
9843912
9833101
9833113
